   -1.0000    1.0538
   -0.9960    1.1794
   -0.9920    0.7661
   -0.9880    1.0742
   -0.9840    1.0158
   -0.9800    0.8492
   -0.9760    0.9326
   -0.9719    1.0062
   -0.9679    1.3258
   -0.9639    1.2409
   -0.9599    0.8249
   -0.9559    1.2594
   -0.9519    1.0244
   -0.9479    0.9416
   -0.9439    1.0154
   -0.9399    0.9194
   -0.9359    0.9235
   -0.9319    1.0808
   -0.9279    1.0688
   -0.9238    1.0656
   -0.9198    0.9870
   -0.9158    0.7951
   -0.9118    0.9835
   -0.9078    1.0708
   -0.9038    0.9527
   -0.8998    1.0033
   -0.8958    0.9685
   -0.8918    0.8614
   -0.8878    0.9172
   -0.8838    0.8050
   -0.8798    0.9686
   -0.8758    0.7610
   -0.8717    0.7649
   -0.8677    0.7868
   -0.8637    0.5693
   -0.8597    1.0036
   -0.8557    0.8882
   -0.8517    0.7762
   -0.8477    0.9847
   -0.8437    0.6725
   -0.8397    0.8295
   -0.8357    0.8115
   -0.8317    0.8636
   -0.8277    0.8589
   -0.8236    0.7372
   -0.8196    0.8166
   -0.8156    0.7991
   -0.8116    0.8744
   -0.8076    0.9169
   -0.8036    0.9145
   -0.7996    0.7132
   -0.7956    0.8033
   -0.7916    0.6702
   -0.7876    0.6762
   -0.7836    0.7829
   -0.7796    0.9328
   -0.7756    0.6986
   -0.7715    0.8087
   -0.7675    0.7450
   -0.7635    0.8753
   -0.7595    0.6506
   -0.7555    0.7588
   -0.7515    0.8068
   -0.7475    0.8576
   -0.7435    0.8979
   -0.7395    0.7481
   -0.7355    0.5863
   -0.7315    0.6572
   -0.7275    0.6213
   -0.7234    0.9585
   -0.7194    0.6579
   -0.7154    0.7902
   -0.7114    0.6922
   -0.7074    0.7963
   -0.7034    0.6269
   -0.6994    0.5592
   -0.6954    0.5532
   -0.6914    0.7402
   -0.6874    0.6696
   -0.6834    0.6638
   -0.6794    0.8213
   -0.6754    0.7045
   -0.6713    0.6911
   -0.6673    0.8261
   -0.6633    0.5829
   -0.6593    0.7290
   -0.6553    0.7388
   -0.6513    0.6269
   -0.6473    0.6689
   -0.6433    0.5267
   -0.6393    0.5245
   -0.6353    0.6458
   -0.6313    0.7035
   -0.6273    0.8858
   -0.6232    0.5566
   -0.6192    0.6380
   -0.6152    0.6070
   -0.6112    0.4179
   -0.6072    0.5633
   -0.6032    0.4237
   -0.5992    0.6832
   -0.5952    0.5064
   -0.5912    0.6012
   -0.5872    0.5327
   -0.5832    0.6135
   -0.5792    0.5191
   -0.5752    0.6241
   -0.5711    0.6451
   -0.5671    0.7383
   -0.5631    0.5437
   -0.5591    0.3453
   -0.5551    0.4712
   -0.5511    0.6866
   -0.5471    0.4399
   -0.5431    0.6392
   -0.5391    0.5515
   -0.5351    0.6787
   -0.5311    0.3350
   -0.5271    0.5073
   -0.5230    0.4023
   -0.5190    0.8098
   -0.5150    0.5976
   -0.5110    0.6489
   -0.5070    0.4012
   -0.5030    0.4561
   -0.4990    0.4718
   -0.4950    0.6048
   -0.4910    0.4632
   -0.4870    0.5571
   -0.4830    0.2778
   -0.4790    0.4436
   -0.4749    0.3926
   -0.4709    0.3132
   -0.4669    0.5177
   -0.4629    0.4911
   -0.4589    0.4623
   -0.4549    0.3215
   -0.4509    0.5637
   -0.4469    0.4819
   -0.4429    0.4130
   -0.4389    0.4412
   -0.4349    0.4087
   -0.4309    0.2558
   -0.4269    0.3983
   -0.4228    0.3397
   -0.4188    0.3209
   -0.4148    0.2992
   -0.4108    0.3575
   -0.4068    0.2066
   -0.4028    0.4992
   -0.3988    0.4508
   -0.3948    0.3928
   -0.3908    0.3873
   -0.3868    0.3070
   -0.3828    0.4846
   -0.3788    0.3654
   -0.3747    0.3033
   -0.3707    0.5059
   -0.3667    0.3443
   -0.3627    0.3038
   -0.3587    0.3293
   -0.3547    0.2699
   -0.3507    0.2387
   -0.3467    0.5993
   -0.3427    0.5082
   -0.3387    0.3694
   -0.3347    0.2090
   -0.3307    0.2441
   -0.3267    0.3090
   -0.3226    0.4018
   -0.3186    0.1854
   -0.3146    0.0816
   -0.3106    0.1657
   -0.3066    0.3400
   -0.3026    0.3417
   -0.2986    0.3438
   -0.2946    0.2816
   -0.2906    0.3090
   -0.2866    0.2390
   -0.2826    0.3688
   -0.2786    0.1424
   -0.2745    0.3201
   -0.2705    0.1857
   -0.2665    0.2330
   -0.2625    0.3178
   -0.2585    0.3624
   -0.2545    0.1427
   -0.2505    0.3766
   -0.2465    0.3125
   -0.2425    0.2357
   -0.2385    0.2190
   -0.2345    0.2127
   -0.2305    0.2002
   -0.2265    0.2288
   -0.2224    0.2276
   -0.2184    0.3010
   -0.2144    0.3671
   -0.2104    0.2571
   -0.2064    0.1854
   -0.2024    0.2649
   -0.1984    0.2167
   -0.1944    0.0914
   -0.1904    0.2853
   -0.1864    0.2171
   -0.1824    0.1959
   -0.1784    0.2299
   -0.1743    0.2005
   -0.1703    0.0762
   -0.1663    0.1501
   -0.1623    0.1477
   -0.1583    0.1051
   -0.1543    0.3225
   -0.1503    0.0627
   -0.1463    0.0979
   -0.1423    0.0711
   -0.1383    0.0209
   -0.1343    0.1150
   -0.1303    0.1029
   -0.1263    0.2793
   -0.1222    0.0973
   -0.1182    0.0118
   -0.1142    0.2746
   -0.1102    0.2337
   -0.1062    0.0832
   -0.1022   -0.0484
   -0.0982    0.0537
   -0.0942    0.0786
   -0.0902    0.1178
   -0.0862    0.0601
   -0.0822    0.1265
   -0.0782    0.1173
   -0.0741   -0.0509
   -0.0701   -0.0247
   -0.0661   -0.0080
   -0.0621    0.0113
   -0.0581    0.0261
   -0.0541    0.0554
   -0.0501   -0.2528
   -0.0461    0.0004
   -0.0421    0.1663
   -0.0381   -0.0686
   -0.0341    0.1274
   -0.0301    0.0651
   -0.0261    0.0232
   -0.0220    0.0403
   -0.0180   -0.1385
   -0.0140    0.0056
   -0.0100    0.1704
   -0.0060    0.0158
   -0.0020    0.0061
    0.0020   -0.0714
    0.0060    0.0029
    0.0100    0.0333
    0.0140    0.0567
    0.0180   -0.0192
    0.0220   -0.0016
    0.0261    0.2284
    0.0301   -0.1958
    0.0341    0.2570
    0.0381    0.0718
    0.0421    0.1421
    0.0461   -0.1203
    0.0501   -0.0089
    0.0541    0.0263
    0.0581    0.1004
    0.0621   -0.1049
    0.0661    0.1133
    0.0701   -0.0511
    0.0741    0.0808
    0.0782    0.1434
    0.0822    0.1149
    0.0862    0.1944
    0.0902    0.1908
    0.0942    0.0291
    0.0982    0.1239
    0.1022    0.0078
    0.1062   -0.0260
    0.1102    0.2027
    0.1142    0.1142
    0.1182    0.1127
    0.1222    0.2134
    0.1263    0.1857
    0.1303    0.1653
    0.1343    0.2593
    0.1383    0.2313
    0.1423    0.1663
    0.1463    0.0773
    0.1503    0.0851
    0.1543    0.2735
    0.1583   -0.0029
    0.1623    0.1599
    0.1663   -0.0286
    0.1703    0.2724
    0.1743    0.2605
    0.1784    0.1785
    0.1824    0.1753
    0.1864   -0.0623
    0.1904    0.2485
    0.1944   -0.0249
    0.1984   -0.0335
    0.2024    0.2104
    0.2064    0.1116
    0.2104    0.2516
    0.2144    0.2821
    0.2184    0.3042
    0.2224    0.1533
    0.2265    0.2714
    0.2305    0.2405
    0.2345    0.3171
    0.2385    0.2921
    0.2425    0.3323
    0.2465    0.2333
    0.2505    0.2358
    0.2545    0.3553
    0.2585    0.0462
    0.2625    0.2121
    0.2665    0.1395
    0.2705    0.2323
    0.2745    0.3394
    0.2786    0.3611
    0.2826    0.1811
    0.2866    0.2395
    0.2906    0.3043
    0.2946    0.2654
    0.2986    0.3288
    0.3026    0.3426
    0.3066    0.2136
    0.3106    0.2929
    0.3146    0.1014
    0.3186    0.4332
    0.3226    0.2597
    0.3267    0.2063
    0.3307    0.3053
    0.3347    0.1918
    0.3387    0.3366
    0.3427    0.2866
    0.3467    0.5645
    0.3507    0.4645
    0.3547    0.1050
    0.3587    0.4029
    0.3627    0.2229
    0.3667    0.3412
    0.3707    0.3872
    0.3747    0.4495
    0.3788    0.3515
    0.3828    0.5404
    0.3868    0.3387
    0.3908    0.4235
    0.3948    0.4613
    0.3988    0.4073
    0.4028    0.4909
    0.4068    0.4391
    0.4108    0.3324
    0.4148    0.2343
    0.4188    0.6047
    0.4228    0.3624
    0.4269    0.4372
    0.4309    0.4872
    0.4349    0.4462
    0.4389    0.3484
    0.4429    0.3961
    0.4469    0.4344
    0.4509    0.5988
    0.4549    0.3688
    0.4589    0.5374
    0.4629    0.4938
    0.4669    0.4435
    0.4709    0.3652
    0.4749    0.4465
    0.4790    0.4703
    0.4830    0.3360
    0.4870    0.5062
    0.4910    0.4088
    0.4950    0.4856
    0.4990    0.5326
    0.5030    0.4125
    0.5070    0.4782
    0.5110    0.5460
    0.5150    0.3314
    0.5190    0.6226
    0.5230    0.7655
    0.5271    0.6230
    0.5311    0.4995
    0.5351    0.5779
    0.5391    0.4355
    0.5431    0.7309
    0.5471    0.6412
    0.5511    0.6298
    0.5551    0.4675
    0.5591    0.5911
    0.5631    0.5073
    0.5671    0.5360
    0.5711    0.5141
    0.5752    0.4726
    0.5792    0.4883
    0.5832    0.5622
    0.5872    0.4173
    0.5912    0.6519
    0.5952    0.5834
    0.5992    0.6691
    0.6032    0.6302
    0.6072    0.6566
    0.6112    0.4629
    0.6152    0.5132
    0.6192    0.5745
    0.6232    0.6342
    0.6273    0.7401
    0.6313    0.6023
    0.6353    0.7614
    0.6393    0.6868
    0.6433    0.7607
    0.6473    0.6600
    0.6513    0.5856
    0.6553    0.5072
    0.6593    0.6749
    0.6633    0.7452
    0.6673    0.6381
    0.6713    0.6173
    0.6754    0.6445
    0.6794    0.5697
    0.6834    0.6341
    0.6874    0.6693
    0.6914    0.6960
    0.6954    0.6890
    0.6994    0.7605
    0.7034    0.7143
    0.7074    0.8888
    0.7114    0.7426
    0.7154    0.8959
    0.7194    0.6471
    0.7234    0.7761
    0.7275    0.7014
    0.7315    0.7915
    0.7355    0.7949
    0.7395    0.5209
    0.7435    0.6108
    0.7475    0.6034
    0.7515    0.7917
    0.7555    0.9025
    0.7595    0.7268
    0.7635    0.8448
    0.7675    0.8221
    0.7715    0.6664
    0.7756    0.8153
    0.7796    0.7044
    0.7836    0.9352
    0.7876    0.7843
    0.7916    0.9552
    0.7956    0.7531
    0.7996    0.8585
    0.8036    0.7973
    0.8076    0.6054
    0.8116    0.7134
    0.8156    0.8769
    0.8196    0.8142
    0.8236    0.7118
    0.8277    0.7650
    0.8317    0.8566
    0.8357    0.7364
    0.8397    0.9372
    0.8437    0.7796
    0.8477    1.0286
    0.8517    0.7437
    0.8557    0.8756
    0.8597    0.7076
    0.8637    0.7914
    0.8677    0.8084
    0.8717    0.9119
    0.8758    0.9700
    0.8798    0.9098
    0.8838    0.8465
    0.8878    0.9693
    0.8918    0.9717
    0.8958    0.9078
    0.8998    0.9569
    0.9038    0.9451
    0.9078    0.8091
    0.9118    0.9878
    0.9158    0.8501
    0.9198    0.8594
    0.9238    0.9415
    0.9279    0.8971
    0.9319    0.9187
    0.9359    0.9954
    0.9399    1.0446
    0.9439    0.9241
    0.9479    0.9807
    0.9519    0.9281
    0.9559    0.9789
    0.9599    1.0039
    0.9639    0.9022
    0.9679    0.9954
    0.9719    1.0321
    0.9760    0.9852
    0.9800    1.1529
    0.9840    0.9231
    0.9880    0.9143
    0.9920    0.8170
    0.9960    1.0870
    1.0000    1.0867
